
GRAFOS PLANARES
	12 vértices - 'KCpdQiqZeqEk'

	full_test nesse grafo:
	Achou decomposição em:
	- 7 : [(0, 3), (1, 4), (7, 10), (8, 11), (2, 5), (6, 9)]
	- 9 : [(0, 3), (1, 4), (7, 10), (8, 11), (2, 6), (5, 9)]
	- 15 : [(0, 3), (1, 5), (7, 10), (2, 11), (4, 9), (6, 8)]
	- 82 : [(0, 4), (1, 10), (2, 11), (3, 8), (5, 7), (6, 9)]
	- 87 : [(0, 4), (1, 10), (3, 11), (2, 9), (5, 7), (6, 8)]
	- 96 : [(0, 4), (1, 10), (8, 11), (2, 5), (3, 7), (6, 9)]
	- 120 : [(0, 6), (1, 7), (3, 10), (5, 11), (2, 8), (4, 9)]
	- 135 : [(0, 6), (1, 9), (4, 10), (5, 11), (2, 8), (3, 7)]
	- 181 : [(0, 8), (1, 9), (3, 10), (2, 11), (4, 6), (5, 7)]
	- 204 : [(0, 10), (1, 4), (3, 11), (2, 8), (5, 7), (6, 9)]


M = [(0, 3), (1, 4), (7, 10), (8, 11), (2, 5), (6, 9)]
M = [(0, 3), (1, 4), (7, 10), (8, 11), (2, 6), (5, 9)]
M = [(0, 3), (1, 5), (7, 10), (2, 11), (4, 9), (6, 8)]
M = [(0, 4), (1, 10), (2, 11), (3, 8), (5, 7), (6, 9)]
M = [(0, 4), (1, 10), (3, 11), (2, 9), (5, 7), (6, 8)]
M = [(0, 4), (1, 10), (8, 11), (2, 5), (3, 7), (6, 9)]
M = [(0, 6), (1, 7), (3, 10), (5, 11), (2, 8), (4, 9)]
M = [(0, 6), (1, 9), (4, 10), (5, 11), (2, 8), (3, 7)]
M = [(0, 8), (1, 9), (3, 10), (2, 11), (4, 6), (5, 7)]
M = [(0, 10), (1, 4), (3, 11), (2, 8), (5, 7), (6, 9)]

para todos esses 10 emparelhamentos perfeitos sai direto uma 5-PD


tenatndo gerar grafo (M) - 'S|KiK_XBGK?PO`?[?BG?X?@c??{AAI?C['

edges = [
	(0,1),
	(0,2),
	(0,3),
	(0,7),
	(0,18),
	(1,2),
	(1,6),
	(1,12),
	(1,19),
	(2,3),
	(2,4),
	(2,5),
	(3,4),
	(3,7),
	(3,8),
	(4,5),
	(4,8),
	(4,9),
	(5,6),
	(5,9),
	(5,10),
	(6,10),
	(6,11),
	(6,12),
	(7,8),
	(7,13),
	(7,18),
	(8,9),
	(8,13),
	(9,13),
	(9,14),
	(10,11),
	(10,14),
	(10,15),
	(11,12),
	(11,15),
	(11,16),
	(12,16),
	(12,19),
	(13,14),
	(13,18),
	(14,15),
	(14,17),
	(15,16),
	(15,17),
	(16,17),
	(16,19),
	(17,18),
	(17,19),
	(18,19)
]


	full_test nesse grafo:
	Achou decomposição em:

cont = 0
lista = []
for i in b:
    if (i>0):
        lista.append(cont)
    cont += 1
cont = 0
mat = []    
for i in lista:
    mat.append([i, m[i]])

[2,
 [(0, 1),
  (2, 3),
  (10, 11),
  (12, 16),
  (13, 14),
  (15, 17),
  (18, 19),
  (4, 9),
  (5, 6),
  (7, 8)]]

  -> para todos esses 59 emparelhamentos perfeitos sai direto uma 5-PD



tenatndo gerar grafo (J) - 'W|WyOSDDIC?X?W?KAAG?W?@c?B??BG??o?AL??@{?OaO?CR'

edges = [
    (0,1),
    (0,2),
    (0,3),
    (0,22),
    (0,23),
    (1,2),
    (1,4),
    (1,6),
    (1,10),
    (2,3),
    (2,4),
    (2,5),
    (3,5),
    (3,9),
    (3,14),
    (4,5),
    (4,6),
    (4,7),
    (5,8),
    (5,9),
    (6,7),
    (6,10),
    (6,11),
    (7,8),
    (7,11),
    (7,12),
    (8,9),
    (8,12),
    (8,13),
    (9,13),
    (9,14),
    (10,11),
    (10,15),
    (10,22),
    (11,15),
    (11,16),
    (12,16),
    (12,17),
    (12,20),
    (13,14),
    (13,17),
    (13,18),
    (14,18),
    (14,23),
    (15,16),
    (15,19),
    (15,22),
    (16,19),
    (16,20),
    (17,18),
    (17,20),
    (17,21),
    (18,21),
    (18,23),
    (19,20),
    (19,21),
    (19,22),
    (20,21),
    (21,23),
    (22,23)
]

  -> para todos esses 105 emparelhamentos perfeitos sai direto uma 5-PD

tenatndo gerar grafo (C) - 'W|KiGoL@gCG@cO?[_P??P?BC?P_?@g??s?CH???{?CGg?_F'

edges = [
    (0,1),
    (0,2),
    (0,3),
    (0,12),
    (0,22),
    (1,2),
    (1,6),
    (1,11),
    (1,23),
    (2,3),
    (2,4),
    (2,5),
    (3,4),
    (3,7),
    (3,12),
    (4,5),
    (4,7),
    (4,8),
    (5,6),
    (5,8),
    (5,9),
    (6,9),
    (6,10),
    (6,14),
    (7,8),
    (7,12),
    (7,13),
    (8,9),
    (8,13),
    (9,13),
    (9,17),
    (10,11),
    (10,14),
    (10,15),
    (10,16),
    (11,16),
    (11,20),
    (11,23),
    (12,13),
    (12,22),
    (13,17),
    (14,15),
    (14,17),
    (14,18),
    (15,16),
    (15,18),
    (15,19),
    (16,19),
    (16,20),
    (17,18),
    (17,22),
    (18,19),
    (18,21),
    (19,20),
    (19,21),
    (20,21),
    (20,23),
    (21,22),
    (21,23),
    (22,23)
]

  -> para todos esses 136 emparelhamentos perfeitos sai direto uma 5-PD